Quarteirao: [-88.54043579101562 , -74.24840545654297 , 121.38804626464844 , 145.87229919433594 ]
Quarteirao: [-88.94581604003906 , -74.7457275390625 , -149.93934631347656 , -124.36908721923828 ]
Quarteirao: [-13.912168502807617 , 20.45328140258789 , -208.75135803222656 , -182.65130615234375 ]
Quarteirao: [71.89728546142578 , 96.59807586669922 , -214.62799072265625 , -180.95278930664062 ]
Quarteirao: [142.1263885498047 , 162.94361877441406 , -212.63088989257812 , -187.29222106933594 ]
Quarteirao: [141.02328491210938 , 164.19595336914062 , -149.09475708007812 , -121.77181243896484 ]
Quarteirao: [140.5489959716797 , 161.15072631835938 , -83.69619750976562 , -64.12606048583984 ]
Quarteirao: [70.48491668701172 , 93.51374816894531 , -85.63016510009766 , -65.14849853515625 ]
Quarteirao: [219.2088165283203 , 235.65301513671875 , -10.592755317687988 , 17.583099365234375 ]
Quarteirao: [219.7361602783203 , 251.67034912109375 , 44.633636474609375 , 77.64836120605469 ]
Quarteirao: [150.3654022216797 , 179.63235473632812 , 50.34278869628906 , 73.3852310180664 ]
Quarteirao: [-18.821025848388672 , 15.996143341064453 , 120.71711730957031 , 143.78131103515625 ]